{
 "cells": [
  {
   "cell_type": "code",
   "execution_count": 10,
   "id": "1286fab2",
   "metadata": {},
   "outputs": [],
   "source": [
    "import scanpy as sc\n",
    "import scprep\n",
    "import phate\n",
    "import seaborn as sns\n",
    "import pandas as pd\n",
    "import numpy as np\n",
    "import matplotlib.pyplot as plt\n",
    "import graphtools\n",
    "from scipy import stats, spatial\n",
    "import magic\n",
    "from sklearn import preprocessing\n",
    "import leidenalg"
   ]
  },
  {
   "cell_type": "markdown",
   "id": "dccff6d7-df77-4e4a-a7e2-dced3dd71b67",
   "metadata": {},
   "source": [
    "## Get denoised counts per sample"
   ]
  },
  {
   "cell_type": "code",
   "execution_count": null,
   "id": "b9094148-3336-42ba-967c-637d835e2432",
   "metadata": {},
   "outputs": [],
   "source": [
    "sdata = sc.read_h5ad('../data/processed_files/4_primate_parathyroid_cells_all_genes.h5ad')\n",
    "samples = sdata.obs['sample'].cat.categories\n",
    "\n",
    "for sample in samples:\n",
    "    sdata_sample = sdata[sdata.obs['sample'] == sample]\n",
    "    phate_op = phate.PHATE(random_state=42, verbose=False)\n",
    "    data_phate = phate_op.fit_transform(sdata_sample.X)\n",
    "    sdata_sample.obsm[\"X_pca\"] = phate_op.graph.data_nu\n",
    "    \n",
    "    magic_op = magic.MAGIC(random_state=0)\n",
    "    magic_op.graph = phate_op.graph\n",
    "    sdata_sample.layers[\"X_magic\"] = magic_op.transform(sdata_sample.to_df())\n",
    "    \n",
    "    sdata_sample.write(f'../data/processed_files/6_primate_{sample}_parathyroid_cells_all_genes.h5ad')"
   ]
  },
  {
   "cell_type": "code",
   "execution_count": null,
   "id": "f69a7089-979c-4ce2-b660-aec7cfa5e669",
   "metadata": {},
   "outputs": [],
   "source": [
    "sdata = sc.read_h5ad('../data/processed_files/4_human_parathyroid_cells_all_genes.h5ad')\n",
    "samples = sdata.obs['sample'].cat.categories\n",
    "\n",
    "for sample in samples:\n",
    "    sdata_sample = sdata[sdata.obs['sample'] == sample]\n",
    "    phate_op = phate.PHATE(random_state=42, verbose=False)\n",
    "    data_phate = phate_op.fit_transform(sdata_sample.X)\n",
    "    sdata_sample.obsm[\"X_pca\"] = phate_op.graph.data_nu\n",
    "    \n",
    "    magic_op = magic.MAGIC(random_state=0)\n",
    "    magic_op.graph = phate_op.graph\n",
    "    sdata_sample.layers[\"X_magic\"] = magic_op.transform(sdata_sample.to_df())\n",
    "    \n",
    "    sdata_sample.write(f'../data/processed_files/6_human_{sample}_parathyroid_cells_all_genes.h5ad')"
   ]
  },
  {
   "cell_type": "markdown",
   "id": "a10d3a27-9a91-49f0-9c88-16cce91c16c0",
   "metadata": {},
   "source": [
    "## Correlations within samples"
   ]
  },
  {
   "cell_type": "code",
   "execution_count": 11,
   "id": "87179a76",
   "metadata": {},
   "outputs": [],
   "source": [
    "sample = 'primate_sample1'\n",
    "anndata_sample = sc.read_h5ad(f'../data/processed_files/per_sample/6_{sample}_parathyroid_cells_all_genes.h5ad')\n",
    "reannotation = pd.read_csv('../data/reannotated_gene_names.csv', index_col=0)\n",
    "mapping = dict(zip(reannotation['X'], reannotation['reannotated_gene_names']))\n",
    "anndata_sample.var['reannotation'] = [mapping[x] for x in anndata_sample.var_names]\n",
    "\n",
    "primate_gene_names = anndata_sample.var['reannotation']"
   ]
  },
  {
   "cell_type": "code",
   "execution_count": 7,
   "id": "626d1953-7ea8-47df-bf2e-ab91477dc255",
   "metadata": {},
   "outputs": [],
   "source": [
    "import scanpy as sc\n",
    "anndata_human = sc.read_h5ad('/home/av622/parathyroid_v2/processed_files/4_human_parathyroid_cells_all_genes.h5ad')"
   ]
  },
  {
   "cell_type": "code",
   "execution_count": 12,
   "id": "d1057cf2",
   "metadata": {},
   "outputs": [],
   "source": [
    "sample = 'human_Y7'\n",
    "anndata_sample = sc.read_h5ad(f'../data/processed_files/per_sample/6_{sample}_parathyroid_cells_all_genes.h5ad')        \n",
    "    \n",
    "human_gene_names = sc.read_h5ad(f'../data/processed_files/4_human_parathyroid_cells_all_genes.h5ad').var['PrimateEnsemblID']\n",
    "human_gene_names = human_gene_names.loc[anndata_sample.var_names]\n",
    "anndata_sample.var['PrimateEnsemblID'] = human_gene_names \n",
    "\n",
    "human_gene_names = anndata_sample.var['PrimateEnsemblID']"
   ]
  },
  {
   "cell_type": "code",
   "execution_count": 13,
   "id": "30cb220c",
   "metadata": {},
   "outputs": [],
   "source": [
    "intersection_genes = np.array(list(set(primate_gene_names).intersection(human_gene_names)))"
   ]
  },
  {
   "cell_type": "code",
   "execution_count": 14,
   "id": "9277921c",
   "metadata": {},
   "outputs": [],
   "source": [
    "human_samples = ['human_Y7', 'human_Y9', 'human_Y11', 'human_Y13']\n",
    "primate_samples = ['primate_sample1', 'primate_sample2', 'primate_sample3', 'primate_sample4']"
   ]
  },
  {
   "cell_type": "code",
   "execution_count": 15,
   "id": "be8090e6-b5c2-41df-b71c-7672008068c6",
   "metadata": {},
   "outputs": [],
   "source": [
    "primate_corr = {}"
   ]
  },
  {
   "cell_type": "code",
   "execution_count": 16,
   "id": "d786a259",
   "metadata": {},
   "outputs": [
    {
     "name": "stdout",
     "output_type": "stream",
     "text": [
      "primate_sample1\n"
     ]
    },
    {
     "name": "stderr",
     "output_type": "stream",
     "text": [
      "/gpfs/gibbs/project/krishnaswamy_smita/av622/conda_envs/gspa/lib/python3.8/site-packages/anndata/_core/anndata.py:1838: UserWarning: Observation names are not unique. To make them unique, call `.obs_names_make_unique`.\n",
      "  utils.warn_names_duplicates(\"obs\")\n"
     ]
    },
    {
     "name": "stdout",
     "output_type": "stream",
     "text": [
      "primate_sample2\n"
     ]
    },
    {
     "name": "stderr",
     "output_type": "stream",
     "text": [
      "/gpfs/gibbs/project/krishnaswamy_smita/av622/conda_envs/gspa/lib/python3.8/site-packages/anndata/_core/anndata.py:1838: UserWarning: Observation names are not unique. To make them unique, call `.obs_names_make_unique`.\n",
      "  utils.warn_names_duplicates(\"obs\")\n"
     ]
    },
    {
     "name": "stdout",
     "output_type": "stream",
     "text": [
      "primate_sample3\n"
     ]
    },
    {
     "name": "stderr",
     "output_type": "stream",
     "text": [
      "/gpfs/gibbs/project/krishnaswamy_smita/av622/conda_envs/gspa/lib/python3.8/site-packages/anndata/_core/anndata.py:1838: UserWarning: Observation names are not unique. To make them unique, call `.obs_names_make_unique`.\n",
      "  utils.warn_names_duplicates(\"obs\")\n"
     ]
    },
    {
     "name": "stdout",
     "output_type": "stream",
     "text": [
      "primate_sample4\n"
     ]
    },
    {
     "name": "stderr",
     "output_type": "stream",
     "text": [
      "/gpfs/gibbs/project/krishnaswamy_smita/av622/conda_envs/gspa/lib/python3.8/site-packages/anndata/_core/anndata.py:1838: UserWarning: Observation names are not unique. To make them unique, call `.obs_names_make_unique`.\n",
      "  utils.warn_names_duplicates(\"obs\")\n"
     ]
    }
   ],
   "source": [
    "for sample in primate_samples:\n",
    "    print(sample)\n",
    "    anndata_sample = sc.read_h5ad(f'../data/processed_files/per_sample/6_{sample}_parathyroid_cells_all_genes.h5ad')\n",
    "\n",
    "    ## get clusters\n",
    "    G = graphtools.Graph(anndata_sample.obsm[\"X_pca\"], use_pygsp=True, n_pca=None, random_state=42)\n",
    "    partition = leidenalg.find_partition(G.to_igraph(), leidenalg.RBConfigurationVertexPartition, seed=0,\n",
    "                                         weights=\"weight\", resolution_parameter=10, n_iterations=-1)\n",
    "    anndata_sample.obs[f\"clusters_res_1\"] = np.array(partition.membership).astype('str')\n",
    "\n",
    "    ## get pseudobulk with magic'd mean\n",
    "    pbs = []\n",
    "    for cluster in anndata_sample.obs['clusters_res_1'].unique():\n",
    "        anndata_sample_subset = anndata_sample[anndata_sample.obs['clusters_res_1'] == cluster]\n",
    "        \n",
    "        pseudobulk_anndata = sc.AnnData(X = anndata_sample_subset.layers['X_magic'].mean(axis=0).reshape(1,-1), var=anndata_sample_subset.var[[]])\n",
    "        pseudobulk_anndata.obs['sample'] = sample\n",
    "        pseudobulk_anndata.obs['cluster'] = int(cluster)\n",
    "        pbs.append(pseudobulk_anndata)\n",
    "    \n",
    "    pb = sc.concat(pbs)\n",
    "    pb.obs_names = anndata_sample.obs['clusters_res_1'].unique()\n",
    "    \n",
    "    pb.var_names = primate_gene_names.values\n",
    "    pb = pb.to_df().loc[:, ~pb.to_df().columns.duplicated()][intersection_genes]\n",
    "    primate_corr[sample] = pb.corr()"
   ]
  },
  {
   "cell_type": "code",
   "execution_count": 17,
   "id": "fd5f2f6b",
   "metadata": {
    "scrolled": true
   },
   "outputs": [
    {
     "name": "stdout",
     "output_type": "stream",
     "text": [
      "human_Y7\n",
      "['9' '41' '0' '20' '24' '47' '12' '10' '38' '58' '26' '1' '7' '46' '32'\n",
      " '56' '29' '63' '14' '11' '61' '60' '52' '37' '4' '33' '13' '51' '40' '8'\n",
      " '77' '16' '22' '2' '18' '55' '6' '45' '59' '5' '42' '21' '62' '36' '17'\n",
      " '39' '68' '44' '66' '71' '15' '28' '19' '70' '73' '57' '48' '35' '34'\n",
      " '27' '31' '25' '54' '49' '3' '75' '23' '76' '30' '69' '65' '50' '43' '67'\n",
      " '53' '74' '72' '64']\n"
     ]
    },
    {
     "name": "stderr",
     "output_type": "stream",
     "text": [
      "/gpfs/gibbs/project/krishnaswamy_smita/av622/conda_envs/gspa/lib/python3.8/site-packages/anndata/_core/anndata.py:1838: UserWarning: Observation names are not unique. To make them unique, call `.obs_names_make_unique`.\n",
      "  utils.warn_names_duplicates(\"obs\")\n",
      "/gpfs/gibbs/project/krishnaswamy_smita/av622/conda_envs/gspa/lib/python3.8/site-packages/anndata/_core/anndata.py:887: UserWarning: \n",
      "AnnData expects .var.index to contain strings, but got values like:\n",
      "    ['nan', 'nan', 'nan', 'nan', 'nan']\n",
      "\n",
      "    Inferred to be: categorical\n",
      "\n",
      "  names = self._prep_dim_index(names, \"var\")\n"
     ]
    },
    {
     "name": "stdout",
     "output_type": "stream",
     "text": [
      "human_Y9\n",
      "['22' '34' '26' '73' '35' '1' '29' '37' '16' '50' '0' '15' '11' '23' '36'\n",
      " '43' '31' '14' '9' '68' '51' '17' '2' '10' '12' '8' '53' '47' '54' '55'\n",
      " '39' '49' '7' '24' '57' '38' '46' '32' '41' '44' '21' '19' '28' '72' '20'\n",
      " '40' '48' '4' '18' '58' '3' '5' '75' '30' '6' '27' '25' '74' '69' '61'\n",
      " '70' '13' '62' '63' '64' '42' '33' '67' '56' '45' '52' '59' '71' '60'\n",
      " '65' '66']\n"
     ]
    },
    {
     "name": "stderr",
     "output_type": "stream",
     "text": [
      "/gpfs/gibbs/project/krishnaswamy_smita/av622/conda_envs/gspa/lib/python3.8/site-packages/anndata/_core/anndata.py:1838: UserWarning: Observation names are not unique. To make them unique, call `.obs_names_make_unique`.\n",
      "  utils.warn_names_duplicates(\"obs\")\n",
      "/gpfs/gibbs/project/krishnaswamy_smita/av622/conda_envs/gspa/lib/python3.8/site-packages/anndata/_core/anndata.py:887: UserWarning: \n",
      "AnnData expects .var.index to contain strings, but got values like:\n",
      "    ['nan', 'nan', 'nan', 'nan', 'nan']\n",
      "\n",
      "    Inferred to be: categorical\n",
      "\n",
      "  names = self._prep_dim_index(names, \"var\")\n"
     ]
    },
    {
     "name": "stdout",
     "output_type": "stream",
     "text": [
      "human_Y11\n",
      "['14' '13' '81' '73' '20' '56' '3' '34' '28' '12' '35' '22' '32' '15' '6'\n",
      " '45' '1' '30' '8' '25' '33' '74' '10' '70' '26' '36' '96' '16' '51' '79'\n",
      " '18' '75' '19' '44' '64' '48' '84' '4' '27' '11' '60' '39' '71' '40' '83'\n",
      " '91' '2' '50' '66' '58' '67' '49' '31' '63' '69' '52' '5' '43' '24' '76'\n",
      " '29' '94' '37' '85' '23' '89' '95' '41' '55' '46' '61' '65' '72' '53'\n",
      " '62' '88' '9' '42' '17' '0' '38' '87' '57' '80' '21' '78' '7' '92' '93'\n",
      " '90' '77' '54' '47' '68' '82' '86' '59']\n"
     ]
    },
    {
     "name": "stderr",
     "output_type": "stream",
     "text": [
      "/gpfs/gibbs/project/krishnaswamy_smita/av622/conda_envs/gspa/lib/python3.8/site-packages/anndata/_core/anndata.py:1838: UserWarning: Observation names are not unique. To make them unique, call `.obs_names_make_unique`.\n",
      "  utils.warn_names_duplicates(\"obs\")\n",
      "/gpfs/gibbs/project/krishnaswamy_smita/av622/conda_envs/gspa/lib/python3.8/site-packages/anndata/_core/anndata.py:887: UserWarning: \n",
      "AnnData expects .var.index to contain strings, but got values like:\n",
      "    ['nan', 'nan', 'nan', 'nan', 'nan']\n",
      "\n",
      "    Inferred to be: categorical\n",
      "\n",
      "  names = self._prep_dim_index(names, \"var\")\n"
     ]
    },
    {
     "name": "stdout",
     "output_type": "stream",
     "text": [
      "human_Y13\n"
     ]
    },
    {
     "name": "stderr",
     "output_type": "stream",
     "text": [
      "/gpfs/gibbs/project/krishnaswamy_smita/av622/conda_envs/gspa/lib/python3.8/site-packages/graphtools/graphs.py:122: UserWarning: Building a kNNGraph on data of shape (97, 19528) is expensive. Consider setting n_pca.\n",
      "  warnings.warn(\n",
      "/gpfs/gibbs/project/krishnaswamy_smita/av622/conda_envs/gspa/lib/python3.8/site-packages/sklearn/neighbors/_base.py:513: UserWarning: cannot use tree with sparse input: using brute force\n",
      "  warnings.warn(\"cannot use tree with sparse input: using brute force\")\n"
     ]
    },
    {
     "name": "stdout",
     "output_type": "stream",
     "text": [
      "['0' '18' '21' '22' '23' '2' '14' '24' '25' '26' '20' '27' '28' '29' '30'\n",
      " '9' '10' '31' '3' '1' '32' '11' '15' '33' '12' '34' '35' '36' '37' '6'\n",
      " '38' '13' '19' '39' '40' '4' '41' '16' '42' '43' '44' '45' '7' '46' '47'\n",
      " '5' '48' '49' '50' '51' '52' '17' '53' '54' '55' '8' '56' '57' '58' '59'\n",
      " '60' '61' '62' '63']\n"
     ]
    },
    {
     "name": "stderr",
     "output_type": "stream",
     "text": [
      "/gpfs/gibbs/project/krishnaswamy_smita/av622/conda_envs/gspa/lib/python3.8/site-packages/anndata/_core/anndata.py:1838: UserWarning: Observation names are not unique. To make them unique, call `.obs_names_make_unique`.\n",
      "  utils.warn_names_duplicates(\"obs\")\n",
      "/gpfs/gibbs/project/krishnaswamy_smita/av622/conda_envs/gspa/lib/python3.8/site-packages/anndata/_core/anndata.py:887: UserWarning: \n",
      "AnnData expects .var.index to contain strings, but got values like:\n",
      "    ['nan', 'nan', 'nan', 'nan', 'nan']\n",
      "\n",
      "    Inferred to be: categorical\n",
      "\n",
      "  names = self._prep_dim_index(names, \"var\")\n"
     ]
    }
   ],
   "source": [
    "human_corr = {}\n",
    "for sample in human_samples:\n",
    "    print(sample)\n",
    "    anndata_sample = sc.read_h5ad(f'../data/processed_files/per_sample/6_{sample}_parathyroid_cells_all_genes.h5ad')\n",
    "\n",
    "    ## get clusters\n",
    "    G = graphtools.Graph(anndata_sample.obsm[\"X_pca\"], use_pygsp=True, n_pca=None, random_state=42)\n",
    "    partition = leidenalg.find_partition(G.to_igraph(), leidenalg.RBConfigurationVertexPartition, seed=0,\n",
    "                                         weights=\"weight\", resolution_parameter=10, n_iterations=-1)\n",
    "    anndata_sample.obs[f\"clusters_res_1\"] = np.array(partition.membership).astype('str')\n",
    "    print (anndata_sample.obs[f\"clusters_res_1\"].unique())\n",
    "\n",
    "    ## get pseudobulk with magic'd mean\n",
    "    pbs = []\n",
    "    for cluster in anndata_sample.obs['clusters_res_1'].unique():\n",
    "        anndata_sample_subset = anndata_sample[anndata_sample.obs['clusters_res_1'] == cluster]\n",
    "        \n",
    "        pseudobulk_anndata = sc.AnnData(X = anndata_sample_subset.layers['X_magic'].mean(axis=0).reshape(1,-1), var=anndata_sample_subset.var[[]])\n",
    "        pseudobulk_anndata.obs['sample'] = sample\n",
    "        pseudobulk_anndata.obs['cluster'] = int(cluster)\n",
    "        pbs.append(pseudobulk_anndata)\n",
    "    \n",
    "    pb = sc.concat(pbs)\n",
    "    pb.obs_names = anndata_sample.obs['clusters_res_1'].unique()\n",
    "    \n",
    "    pb.var_names = human_gene_names.values\n",
    "    pb = pb.to_df().loc[:, ~pb.to_df().columns.duplicated()][intersection_genes]\n",
    "    human_corr[sample] = pb.corr()"
   ]
  },
  {
   "cell_type": "code",
   "execution_count": 18,
   "id": "a8c96c1b",
   "metadata": {},
   "outputs": [],
   "source": [
    "corr = {**human_corr, **primate_corr}"
   ]
  },
  {
   "cell_type": "code",
   "execution_count": 19,
   "id": "0ddb382e",
   "metadata": {},
   "outputs": [
    {
     "name": "stdout",
     "output_type": "stream",
     "text": [
      "human_Y7 human_Y9 0.24967568121747455\n",
      "[[0.         0.24967568 0.         0.         0.         0.\n",
      "  0.         0.        ]\n",
      " [0.24967568 0.         0.         0.         0.         0.\n",
      "  0.         0.        ]\n",
      " [0.         0.         0.         0.         0.         0.\n",
      "  0.         0.        ]\n",
      " [0.         0.         0.         0.         0.         0.\n",
      "  0.         0.        ]\n",
      " [0.         0.         0.         0.         0.         0.\n",
      "  0.         0.        ]\n",
      " [0.         0.         0.         0.         0.         0.\n",
      "  0.         0.        ]\n",
      " [0.         0.         0.         0.         0.         0.\n",
      "  0.         0.        ]\n",
      " [0.         0.         0.         0.         0.         0.\n",
      "  0.         0.        ]]\n",
      "human_Y7 human_Y11 0.27508710879271364\n",
      "[[0.         0.24967568 0.27508711 0.         0.         0.\n",
      "  0.         0.        ]\n",
      " [0.24967568 0.         0.         0.         0.         0.\n",
      "  0.         0.        ]\n",
      " [0.27508711 0.         0.         0.         0.         0.\n",
      "  0.         0.        ]\n",
      " [0.         0.         0.         0.         0.         0.\n",
      "  0.         0.        ]\n",
      " [0.         0.         0.         0.         0.         0.\n",
      "  0.         0.        ]\n",
      " [0.         0.         0.         0.         0.         0.\n",
      "  0.         0.        ]\n",
      " [0.         0.         0.         0.         0.         0.\n",
      "  0.         0.        ]\n",
      " [0.         0.         0.         0.         0.         0.\n",
      "  0.         0.        ]]\n",
      "human_Y7 human_Y13 0.1547830606498136\n",
      "[[0.         0.24967568 0.27508711 0.15478306 0.         0.\n",
      "  0.         0.        ]\n",
      " [0.24967568 0.         0.         0.         0.         0.\n",
      "  0.         0.        ]\n",
      " [0.27508711 0.         0.         0.         0.         0.\n",
      "  0.         0.        ]\n",
      " [0.15478306 0.         0.         0.         0.         0.\n",
      "  0.         0.        ]\n",
      " [0.         0.         0.         0.         0.         0.\n",
      "  0.         0.        ]\n",
      " [0.         0.         0.         0.         0.         0.\n",
      "  0.         0.        ]\n",
      " [0.         0.         0.         0.         0.         0.\n",
      "  0.         0.        ]\n",
      " [0.         0.         0.         0.         0.         0.\n",
      "  0.         0.        ]]\n",
      "human_Y7 primate_sample1 0.21472436579322582\n",
      "[[0.         0.24967568 0.27508711 0.15478306 0.21472437 0.\n",
      "  0.         0.        ]\n",
      " [0.24967568 0.         0.         0.         0.         0.\n",
      "  0.         0.        ]\n",
      " [0.27508711 0.         0.         0.         0.         0.\n",
      "  0.         0.        ]\n",
      " [0.15478306 0.         0.         0.         0.         0.\n",
      "  0.         0.        ]\n",
      " [0.21472437 0.         0.         0.         0.         0.\n",
      "  0.         0.        ]\n",
      " [0.         0.         0.         0.         0.         0.\n",
      "  0.         0.        ]\n",
      " [0.         0.         0.         0.         0.         0.\n",
      "  0.         0.        ]\n",
      " [0.         0.         0.         0.         0.         0.\n",
      "  0.         0.        ]]\n",
      "human_Y7 primate_sample2 0.23331356390096636\n",
      "[[0.         0.24967568 0.27508711 0.15478306 0.21472437 0.23331356\n",
      "  0.         0.        ]\n",
      " [0.24967568 0.         0.         0.         0.         0.\n",
      "  0.         0.        ]\n",
      " [0.27508711 0.         0.         0.         0.         0.\n",
      "  0.         0.        ]\n",
      " [0.15478306 0.         0.         0.         0.         0.\n",
      "  0.         0.        ]\n",
      " [0.21472437 0.         0.         0.         0.         0.\n",
      "  0.         0.        ]\n",
      " [0.23331356 0.         0.         0.         0.         0.\n",
      "  0.         0.        ]\n",
      " [0.         0.         0.         0.         0.         0.\n",
      "  0.         0.        ]\n",
      " [0.         0.         0.         0.         0.         0.\n",
      "  0.         0.        ]]\n",
      "human_Y7 primate_sample3 0.264309020887971\n",
      "[[0.         0.24967568 0.27508711 0.15478306 0.21472437 0.23331356\n",
      "  0.26430902 0.        ]\n",
      " [0.24967568 0.         0.         0.         0.         0.\n",
      "  0.         0.        ]\n",
      " [0.27508711 0.         0.         0.         0.         0.\n",
      "  0.         0.        ]\n",
      " [0.15478306 0.         0.         0.         0.         0.\n",
      "  0.         0.        ]\n",
      " [0.21472437 0.         0.         0.         0.         0.\n",
      "  0.         0.        ]\n",
      " [0.23331356 0.         0.         0.         0.         0.\n",
      "  0.         0.        ]\n",
      " [0.26430902 0.         0.         0.         0.         0.\n",
      "  0.         0.        ]\n",
      " [0.         0.         0.         0.         0.         0.\n",
      "  0.         0.        ]]\n",
      "human_Y7 primate_sample4 0.28570783645516823\n",
      "[[0.         0.24967568 0.27508711 0.15478306 0.21472437 0.23331356\n",
      "  0.26430902 0.28570784]\n",
      " [0.24967568 0.         0.         0.         0.         0.\n",
      "  0.         0.        ]\n",
      " [0.27508711 0.         0.         0.         0.         0.\n",
      "  0.         0.        ]\n",
      " [0.15478306 0.         0.         0.         0.         0.\n",
      "  0.         0.        ]\n",
      " [0.21472437 0.         0.         0.         0.         0.\n",
      "  0.         0.        ]\n",
      " [0.23331356 0.         0.         0.         0.         0.\n",
      "  0.         0.        ]\n",
      " [0.26430902 0.         0.         0.         0.         0.\n",
      "  0.         0.        ]\n",
      " [0.28570784 0.         0.         0.         0.         0.\n",
      "  0.         0.        ]]\n",
      "human_Y9 human_Y11 0.17784730506337326\n",
      "[[0.         0.24967568 0.27508711 0.15478306 0.21472437 0.23331356\n",
      "  0.26430902 0.28570784]\n",
      " [0.24967568 0.         0.17784731 0.         0.         0.\n",
      "  0.         0.        ]\n",
      " [0.27508711 0.17784731 0.         0.         0.         0.\n",
      "  0.         0.        ]\n",
      " [0.15478306 0.         0.         0.         0.         0.\n",
      "  0.         0.        ]\n",
      " [0.21472437 0.         0.         0.         0.         0.\n",
      "  0.         0.        ]\n",
      " [0.23331356 0.         0.         0.         0.         0.\n",
      "  0.         0.        ]\n",
      " [0.26430902 0.         0.         0.         0.         0.\n",
      "  0.         0.        ]\n",
      " [0.28570784 0.         0.         0.         0.         0.\n",
      "  0.         0.        ]]\n",
      "human_Y9 human_Y13 0.093915162124246\n",
      "[[0.         0.24967568 0.27508711 0.15478306 0.21472437 0.23331356\n",
      "  0.26430902 0.28570784]\n",
      " [0.24967568 0.         0.17784731 0.09391516 0.         0.\n",
      "  0.         0.        ]\n",
      " [0.27508711 0.17784731 0.         0.         0.         0.\n",
      "  0.         0.        ]\n",
      " [0.15478306 0.09391516 0.         0.         0.         0.\n",
      "  0.         0.        ]\n",
      " [0.21472437 0.         0.         0.         0.         0.\n",
      "  0.         0.        ]\n",
      " [0.23331356 0.         0.         0.         0.         0.\n",
      "  0.         0.        ]\n",
      " [0.26430902 0.         0.         0.         0.         0.\n",
      "  0.         0.        ]\n",
      " [0.28570784 0.         0.         0.         0.         0.\n",
      "  0.         0.        ]]\n",
      "human_Y9 primate_sample1 0.16252532574998446\n",
      "[[0.         0.24967568 0.27508711 0.15478306 0.21472437 0.23331356\n",
      "  0.26430902 0.28570784]\n",
      " [0.24967568 0.         0.17784731 0.09391516 0.16252533 0.\n",
      "  0.         0.        ]\n",
      " [0.27508711 0.17784731 0.         0.         0.         0.\n",
      "  0.         0.        ]\n",
      " [0.15478306 0.09391516 0.         0.         0.         0.\n",
      "  0.         0.        ]\n",
      " [0.21472437 0.16252533 0.         0.         0.         0.\n",
      "  0.         0.        ]\n",
      " [0.23331356 0.         0.         0.         0.         0.\n",
      "  0.         0.        ]\n",
      " [0.26430902 0.         0.         0.         0.         0.\n",
      "  0.         0.        ]\n",
      " [0.28570784 0.         0.         0.         0.         0.\n",
      "  0.         0.        ]]\n",
      "human_Y9 primate_sample2 0.16482802143683642\n",
      "[[0.         0.24967568 0.27508711 0.15478306 0.21472437 0.23331356\n",
      "  0.26430902 0.28570784]\n",
      " [0.24967568 0.         0.17784731 0.09391516 0.16252533 0.16482802\n",
      "  0.         0.        ]\n",
      " [0.27508711 0.17784731 0.         0.         0.         0.\n",
      "  0.         0.        ]\n",
      " [0.15478306 0.09391516 0.         0.         0.         0.\n",
      "  0.         0.        ]\n",
      " [0.21472437 0.16252533 0.         0.         0.         0.\n",
      "  0.         0.        ]\n",
      " [0.23331356 0.16482802 0.         0.         0.         0.\n",
      "  0.         0.        ]\n",
      " [0.26430902 0.         0.         0.         0.         0.\n",
      "  0.         0.        ]\n",
      " [0.28570784 0.         0.         0.         0.         0.\n",
      "  0.         0.        ]]\n",
      "human_Y9 primate_sample3 0.18416222003604032\n",
      "[[0.         0.24967568 0.27508711 0.15478306 0.21472437 0.23331356\n",
      "  0.26430902 0.28570784]\n",
      " [0.24967568 0.         0.17784731 0.09391516 0.16252533 0.16482802\n",
      "  0.18416222 0.        ]\n",
      " [0.27508711 0.17784731 0.         0.         0.         0.\n",
      "  0.         0.        ]\n",
      " [0.15478306 0.09391516 0.         0.         0.         0.\n",
      "  0.         0.        ]\n",
      " [0.21472437 0.16252533 0.         0.         0.         0.\n",
      "  0.         0.        ]\n",
      " [0.23331356 0.16482802 0.         0.         0.         0.\n",
      "  0.         0.        ]\n",
      " [0.26430902 0.18416222 0.         0.         0.         0.\n",
      "  0.         0.        ]\n",
      " [0.28570784 0.         0.         0.         0.         0.\n",
      "  0.         0.        ]]\n",
      "human_Y9 primate_sample4 0.19378749081318472\n",
      "[[0.         0.24967568 0.27508711 0.15478306 0.21472437 0.23331356\n",
      "  0.26430902 0.28570784]\n",
      " [0.24967568 0.         0.17784731 0.09391516 0.16252533 0.16482802\n",
      "  0.18416222 0.19378749]\n",
      " [0.27508711 0.17784731 0.         0.         0.         0.\n",
      "  0.         0.        ]\n",
      " [0.15478306 0.09391516 0.         0.         0.         0.\n",
      "  0.         0.        ]\n",
      " [0.21472437 0.16252533 0.         0.         0.         0.\n",
      "  0.         0.        ]\n",
      " [0.23331356 0.16482802 0.         0.         0.         0.\n",
      "  0.         0.        ]\n",
      " [0.26430902 0.18416222 0.         0.         0.         0.\n",
      "  0.         0.        ]\n",
      " [0.28570784 0.19378749 0.         0.         0.         0.\n",
      "  0.         0.        ]]\n",
      "human_Y11 human_Y13 0.13753846611070245\n",
      "[[0.         0.24967568 0.27508711 0.15478306 0.21472437 0.23331356\n",
      "  0.26430902 0.28570784]\n",
      " [0.24967568 0.         0.17784731 0.09391516 0.16252533 0.16482802\n",
      "  0.18416222 0.19378749]\n",
      " [0.27508711 0.17784731 0.         0.13753847 0.         0.\n",
      "  0.         0.        ]\n",
      " [0.15478306 0.09391516 0.13753847 0.         0.         0.\n",
      "  0.         0.        ]\n",
      " [0.21472437 0.16252533 0.         0.         0.         0.\n",
      "  0.         0.        ]\n",
      " [0.23331356 0.16482802 0.         0.         0.         0.\n",
      "  0.         0.        ]\n",
      " [0.26430902 0.18416222 0.         0.         0.         0.\n",
      "  0.         0.        ]\n",
      " [0.28570784 0.19378749 0.         0.         0.         0.\n",
      "  0.         0.        ]]\n",
      "human_Y11 primate_sample1 0.22511629590301532\n",
      "[[0.         0.24967568 0.27508711 0.15478306 0.21472437 0.23331356\n",
      "  0.26430902 0.28570784]\n",
      " [0.24967568 0.         0.17784731 0.09391516 0.16252533 0.16482802\n",
      "  0.18416222 0.19378749]\n",
      " [0.27508711 0.17784731 0.         0.13753847 0.2251163  0.\n",
      "  0.         0.        ]\n",
      " [0.15478306 0.09391516 0.13753847 0.         0.         0.\n",
      "  0.         0.        ]\n",
      " [0.21472437 0.16252533 0.2251163  0.         0.         0.\n",
      "  0.         0.        ]\n",
      " [0.23331356 0.16482802 0.         0.         0.         0.\n",
      "  0.         0.        ]\n",
      " [0.26430902 0.18416222 0.         0.         0.         0.\n",
      "  0.         0.        ]\n",
      " [0.28570784 0.19378749 0.         0.         0.         0.\n",
      "  0.         0.        ]]\n",
      "human_Y11 primate_sample2 0.21969791573677006\n",
      "[[0.         0.24967568 0.27508711 0.15478306 0.21472437 0.23331356\n",
      "  0.26430902 0.28570784]\n",
      " [0.24967568 0.         0.17784731 0.09391516 0.16252533 0.16482802\n",
      "  0.18416222 0.19378749]\n",
      " [0.27508711 0.17784731 0.         0.13753847 0.2251163  0.21969792\n",
      "  0.         0.        ]\n",
      " [0.15478306 0.09391516 0.13753847 0.         0.         0.\n",
      "  0.         0.        ]\n",
      " [0.21472437 0.16252533 0.2251163  0.         0.         0.\n",
      "  0.         0.        ]\n",
      " [0.23331356 0.16482802 0.21969792 0.         0.         0.\n",
      "  0.         0.        ]\n",
      " [0.26430902 0.18416222 0.         0.         0.         0.\n",
      "  0.         0.        ]\n",
      " [0.28570784 0.19378749 0.         0.         0.         0.\n",
      "  0.         0.        ]]\n",
      "human_Y11 primate_sample3 0.24090460412805406\n",
      "[[0.         0.24967568 0.27508711 0.15478306 0.21472437 0.23331356\n",
      "  0.26430902 0.28570784]\n",
      " [0.24967568 0.         0.17784731 0.09391516 0.16252533 0.16482802\n",
      "  0.18416222 0.19378749]\n",
      " [0.27508711 0.17784731 0.         0.13753847 0.2251163  0.21969792\n",
      "  0.2409046  0.        ]\n",
      " [0.15478306 0.09391516 0.13753847 0.         0.         0.\n",
      "  0.         0.        ]\n",
      " [0.21472437 0.16252533 0.2251163  0.         0.         0.\n",
      "  0.         0.        ]\n",
      " [0.23331356 0.16482802 0.21969792 0.         0.         0.\n",
      "  0.         0.        ]\n",
      " [0.26430902 0.18416222 0.2409046  0.         0.         0.\n",
      "  0.         0.        ]\n",
      " [0.28570784 0.19378749 0.         0.         0.         0.\n",
      "  0.         0.        ]]\n",
      "human_Y11 primate_sample4 0.2462458686123658\n",
      "[[0.         0.24967568 0.27508711 0.15478306 0.21472437 0.23331356\n",
      "  0.26430902 0.28570784]\n",
      " [0.24967568 0.         0.17784731 0.09391516 0.16252533 0.16482802\n",
      "  0.18416222 0.19378749]\n",
      " [0.27508711 0.17784731 0.         0.13753847 0.2251163  0.21969792\n",
      "  0.2409046  0.24624587]\n",
      " [0.15478306 0.09391516 0.13753847 0.         0.         0.\n",
      "  0.         0.        ]\n",
      " [0.21472437 0.16252533 0.2251163  0.         0.         0.\n",
      "  0.         0.        ]\n",
      " [0.23331356 0.16482802 0.21969792 0.         0.         0.\n",
      "  0.         0.        ]\n",
      " [0.26430902 0.18416222 0.2409046  0.         0.         0.\n",
      "  0.         0.        ]\n",
      " [0.28570784 0.19378749 0.24624587 0.         0.         0.\n",
      "  0.         0.        ]]\n",
      "human_Y13 primate_sample1 0.04550170470937985\n",
      "[[0.         0.24967568 0.27508711 0.15478306 0.21472437 0.23331356\n",
      "  0.26430902 0.28570784]\n",
      " [0.24967568 0.         0.17784731 0.09391516 0.16252533 0.16482802\n",
      "  0.18416222 0.19378749]\n",
      " [0.27508711 0.17784731 0.         0.13753847 0.2251163  0.21969792\n",
      "  0.2409046  0.24624587]\n",
      " [0.15478306 0.09391516 0.13753847 0.         0.0455017  0.\n",
      "  0.         0.        ]\n",
      " [0.21472437 0.16252533 0.2251163  0.0455017  0.         0.\n",
      "  0.         0.        ]\n",
      " [0.23331356 0.16482802 0.21969792 0.         0.         0.\n",
      "  0.         0.        ]\n",
      " [0.26430902 0.18416222 0.2409046  0.         0.         0.\n",
      "  0.         0.        ]\n",
      " [0.28570784 0.19378749 0.24624587 0.         0.         0.\n",
      "  0.         0.        ]]\n",
      "human_Y13 primate_sample2 0.047172074417625956\n",
      "[[0.         0.24967568 0.27508711 0.15478306 0.21472437 0.23331356\n",
      "  0.26430902 0.28570784]\n",
      " [0.24967568 0.         0.17784731 0.09391516 0.16252533 0.16482802\n",
      "  0.18416222 0.19378749]\n",
      " [0.27508711 0.17784731 0.         0.13753847 0.2251163  0.21969792\n",
      "  0.2409046  0.24624587]\n",
      " [0.15478306 0.09391516 0.13753847 0.         0.0455017  0.04717207\n",
      "  0.         0.        ]\n",
      " [0.21472437 0.16252533 0.2251163  0.0455017  0.         0.\n",
      "  0.         0.        ]\n",
      " [0.23331356 0.16482802 0.21969792 0.04717207 0.         0.\n",
      "  0.         0.        ]\n",
      " [0.26430902 0.18416222 0.2409046  0.         0.         0.\n",
      "  0.         0.        ]\n",
      " [0.28570784 0.19378749 0.24624587 0.         0.         0.\n",
      "  0.         0.        ]]\n",
      "human_Y13 primate_sample3 0.06779532783054075\n",
      "[[0.         0.24967568 0.27508711 0.15478306 0.21472437 0.23331356\n",
      "  0.26430902 0.28570784]\n",
      " [0.24967568 0.         0.17784731 0.09391516 0.16252533 0.16482802\n",
      "  0.18416222 0.19378749]\n",
      " [0.27508711 0.17784731 0.         0.13753847 0.2251163  0.21969792\n",
      "  0.2409046  0.24624587]\n",
      " [0.15478306 0.09391516 0.13753847 0.         0.0455017  0.04717207\n",
      "  0.06779533 0.        ]\n",
      " [0.21472437 0.16252533 0.2251163  0.0455017  0.         0.\n",
      "  0.         0.        ]\n",
      " [0.23331356 0.16482802 0.21969792 0.04717207 0.         0.\n",
      "  0.         0.        ]\n",
      " [0.26430902 0.18416222 0.2409046  0.06779533 0.         0.\n",
      "  0.         0.        ]\n",
      " [0.28570784 0.19378749 0.24624587 0.         0.         0.\n",
      "  0.         0.        ]]\n",
      "human_Y13 primate_sample4 0.06940427435801386\n",
      "[[0.         0.24967568 0.27508711 0.15478306 0.21472437 0.23331356\n",
      "  0.26430902 0.28570784]\n",
      " [0.24967568 0.         0.17784731 0.09391516 0.16252533 0.16482802\n",
      "  0.18416222 0.19378749]\n",
      " [0.27508711 0.17784731 0.         0.13753847 0.2251163  0.21969792\n",
      "  0.2409046  0.24624587]\n",
      " [0.15478306 0.09391516 0.13753847 0.         0.0455017  0.04717207\n",
      "  0.06779533 0.06940427]\n",
      " [0.21472437 0.16252533 0.2251163  0.0455017  0.         0.\n",
      "  0.         0.        ]\n",
      " [0.23331356 0.16482802 0.21969792 0.04717207 0.         0.\n",
      "  0.         0.        ]\n",
      " [0.26430902 0.18416222 0.2409046  0.06779533 0.         0.\n",
      "  0.         0.        ]\n",
      " [0.28570784 0.19378749 0.24624587 0.06940427 0.         0.\n",
      "  0.         0.        ]]\n",
      "primate_sample1 primate_sample2 0.6299521318633919\n",
      "[[0.         0.24967568 0.27508711 0.15478306 0.21472437 0.23331356\n",
      "  0.26430902 0.28570784]\n",
      " [0.24967568 0.         0.17784731 0.09391516 0.16252533 0.16482802\n",
      "  0.18416222 0.19378749]\n",
      " [0.27508711 0.17784731 0.         0.13753847 0.2251163  0.21969792\n",
      "  0.2409046  0.24624587]\n",
      " [0.15478306 0.09391516 0.13753847 0.         0.0455017  0.04717207\n",
      "  0.06779533 0.06940427]\n",
      " [0.21472437 0.16252533 0.2251163  0.0455017  0.         0.62995213\n",
      "  0.         0.        ]\n",
      " [0.23331356 0.16482802 0.21969792 0.04717207 0.62995213 0.\n",
      "  0.         0.        ]\n",
      " [0.26430902 0.18416222 0.2409046  0.06779533 0.         0.\n",
      "  0.         0.        ]\n",
      " [0.28570784 0.19378749 0.24624587 0.06940427 0.         0.\n",
      "  0.         0.        ]]\n",
      "primate_sample1 primate_sample3 0.6024324696488031\n",
      "[[0.         0.24967568 0.27508711 0.15478306 0.21472437 0.23331356\n",
      "  0.26430902 0.28570784]\n",
      " [0.24967568 0.         0.17784731 0.09391516 0.16252533 0.16482802\n",
      "  0.18416222 0.19378749]\n",
      " [0.27508711 0.17784731 0.         0.13753847 0.2251163  0.21969792\n",
      "  0.2409046  0.24624587]\n",
      " [0.15478306 0.09391516 0.13753847 0.         0.0455017  0.04717207\n",
      "  0.06779533 0.06940427]\n",
      " [0.21472437 0.16252533 0.2251163  0.0455017  0.         0.62995213\n",
      "  0.60243247 0.        ]\n",
      " [0.23331356 0.16482802 0.21969792 0.04717207 0.62995213 0.\n",
      "  0.         0.        ]\n",
      " [0.26430902 0.18416222 0.2409046  0.06779533 0.60243247 0.\n",
      "  0.         0.        ]\n",
      " [0.28570784 0.19378749 0.24624587 0.06940427 0.         0.\n",
      "  0.         0.        ]]\n",
      "primate_sample1 primate_sample4 0.6119661492169126\n",
      "[[0.         0.24967568 0.27508711 0.15478306 0.21472437 0.23331356\n",
      "  0.26430902 0.28570784]\n",
      " [0.24967568 0.         0.17784731 0.09391516 0.16252533 0.16482802\n",
      "  0.18416222 0.19378749]\n",
      " [0.27508711 0.17784731 0.         0.13753847 0.2251163  0.21969792\n",
      "  0.2409046  0.24624587]\n",
      " [0.15478306 0.09391516 0.13753847 0.         0.0455017  0.04717207\n",
      "  0.06779533 0.06940427]\n",
      " [0.21472437 0.16252533 0.2251163  0.0455017  0.         0.62995213\n",
      "  0.60243247 0.61196615]\n",
      " [0.23331356 0.16482802 0.21969792 0.04717207 0.62995213 0.\n",
